g_pts = [
    [
        [0.00, 0.00, 0.00],[0.00, 0.35, 0.00],[0.00, 0.69, 0.00],[0.00, 1.04, 0.00],[0.00, 1.39, 0.00],[0.02, 1.74, 0.00],[0.10, 2.08, 0.00],[0.24, 2.43, 0.00],[0.48, 2.78, 0.00],[0.87, 3.13, 0.00],[2.00, 3.47, 0.00]
    ],
    [
        [0.50, 0.00, 0.00],[0.50, 0.35, 0.00],[0.50, 0.69, 0.00],[0.50, 1.04, 0.00],[0.50, 1.39, 0.00],[0.52, 1.74, 0.00],[0.59, 2.08, 0.00],[0.72, 2.43, 0.00],[0.94, 2.78, 0.00],[1.29, 3.13, 0.00],[2.30, 3.47, 0.00]
    ],
    [
        [1.00, 0.00, 0.00],[1.00, 0.35, 0.00],[1.00, 0.69, 0.00],[1.00, 1.04, 0.00],[1.00, 1.39, 0.00],[1.01, 1.74, 0.00],[1.08, 2.08, 0.00],[1.20, 2.43, 0.00],[1.39, 2.78, 0.00],[1.70, 3.13, 0.00],[2.60, 3.47, 0.00]
    ],
    [
        [1.50, 0.00, 0.00],[1.50, 0.35, 0.00],[1.50, 0.69, 0.00],[1.50, 1.04, 0.00],[1.50, 1.39, 0.00],[1.51, 1.74, 0.00],[1.57, 2.08, 0.00],[1.67, 2.43, 0.00],[1.84, 2.78, 0.00],[2.11, 3.13, 0.00],[2.90, 3.47, 0.00]
    ],
    [
        [2.00, 0.00, 0.00],[2.00, 0.35, 0.00],[2.00, 0.69, 0.00],[2.00, 1.04, 0.00],[2.00, 1.39, 0.00],[2.01, 1.74, 0.00],[2.06, 2.08, 0.00],[2.15, 2.43, 0.00],[2.29, 2.78, 0.00],[2.52, 3.13, 0.00],[3.20, 3.47, 0.00]
    ],
    [
        [2.50, 0.00, 0.00],[2.50, 0.35, 0.00],[2.50, 0.69, 0.00],[2.50, 1.04, 0.00],[2.50, 1.39, 0.00],[2.51, 1.74, 0.00],[2.55, 2.08, 0.00],[2.62, 2.43, 0.00],[2.74, 2.78, 0.00],[2.94, 3.13, 0.00],[3.50, 3.47, 0.00]
    ],
    [
        [3.00, 0.00, 0.00],[3.00, 0.35, 0.00],[3.00, 0.69, 0.00],[3.00, 1.04, 0.00],[3.00, 1.39, 0.00],[3.01, 1.74, 0.00],[3.04, 2.08, 0.00],[3.10, 2.43, 0.00],[3.19, 2.78, 0.00],[3.35, 3.13, 0.00],[3.80, 3.47, 0.00]
    ],
    [
        [3.50, 0.00, 0.00],[3.50, 0.35, 0.00],[3.50, 0.69, 0.00],[3.50, 1.04, 0.00],[3.50, 1.39, 0.00],[3.51, 1.74, 0.00],[3.53, 2.08, 0.00],[3.57, 2.43, 0.00],[3.65, 2.78, 0.00],[3.76, 3.13, 0.00],[4.10, 3.47, 0.00]
    ],
    [
        [4.00, 0.00, 0.00],[4.00, 0.35, 0.00],[4.00, 0.69, 0.00],[4.00, 1.04, 0.00],[4.00, 1.39, 0.00],[4.00, 1.74, 0.00],[4.02, 2.08, 0.00],[4.05, 2.43, 0.00],[4.10, 2.78, 0.00],[4.17, 3.13, 0.00],[4.40, 3.47, 0.00]
    ],
    [
        [4.50, 0.00, 0.00],[4.50, 0.35, 0.00],[4.50, 0.69, 0.00],[4.50, 1.04, 0.00],[4.50, 1.39, 0.00],[4.50, 1.74, 0.00],[4.51, 2.08, 0.00],[4.52, 2.43, 0.00],[4.55, 2.78, 0.00],[4.59, 3.13, 0.00],[4.70, 3.47, 0.00]
    ],
    [
        [5.00, 0.00, 0.00],[5.00, 0.35, 0.00],[5.00, 0.69, 0.00],[5.00, 1.04, 0.00],[5.00, 1.39, 0.00],[5.00, 1.74, 0.00],[5.00, 2.08, 0.00],[5.00, 2.43, 0.00],[5.00, 2.78, 0.00],[5.00, 3.13, 0.00],[5.00, 3.47, 0.00]
    ]
];
