g_pts = [
    [
        [0.00, 0.00, 0.00],[0.00, 1.20, 0.00],[0.00, 2.40, 0.00],[0.00, 3.60, 0.00],[0.00, 4.80, 0.00],[0.00, 6.00, 0.00],[0.00, 7.20, 0.00],[0.00, 8.40, 0.00],[0.00, 9.60, 0.00],[0.00, 10.80, 0.00],[0.00, 12.00, 0.00]
    ],
    [
        [0.50, 0.00, 0.00],[0.50, 1.20, 0.00],[0.50, 2.40, 0.00],[0.50, 3.60, 0.00],[0.50, 4.80, 0.00],[0.50, 6.00, 0.00],[0.50, 7.20, 0.00],[0.50, 8.40, 0.00],[0.50, 9.60, 0.00],[0.50, 10.80, 0.00],[0.50, 12.00, 0.00]
    ],
    [
        [1.00, 0.00, 0.00],[1.00, 1.20, 0.00],[1.00, 2.40, 0.00],[1.00, 3.60, 0.00],[1.00, 4.80, 0.00],[1.00, 6.00, 0.00],[1.00, 7.20, 0.00],[1.00, 8.40, 0.00],[1.00, 9.60, 0.00],[1.00, 10.80, 0.00],[1.00, 12.00, 0.00]
    ],
    [
        [1.50, 0.00, 0.00],[1.50, 1.20, 0.00],[1.50, 2.40, 0.00],[1.50, 3.60, 0.00],[1.50, 4.80, 0.00],[1.50, 6.00, 0.00],[1.50, 7.20, 0.00],[1.50, 8.40, 0.00],[1.50, 9.60, 0.00],[1.50, 10.80, 0.00],[1.50, 12.00, 0.00]
    ],
    [
        [2.00, 0.00, 0.00],[2.00, 1.20, 0.00],[2.00, 2.40, 0.00],[2.00, 3.60, 0.00],[2.00, 4.80, 0.00],[2.00, 6.00, 0.00],[2.00, 7.20, 0.00],[2.00, 8.40, 0.00],[2.00, 9.60, 0.00],[2.00, 10.80, 0.00],[2.00, 12.00, 0.00]
    ],
    [
        [2.50, 0.00, 0.00],[2.50, 1.20, 0.00],[2.50, 2.40, 0.00],[2.50, 3.60, 0.00],[2.50, 4.80, 0.00],[2.50, 6.00, 0.00],[2.50, 7.20, 0.00],[2.50, 8.40, 0.00],[2.50, 9.60, 0.00],[2.50, 10.80, 0.00],[2.50, 12.00, 0.00]
    ],
    [
        [3.00, 0.00, 0.00],[3.00, 1.20, 0.00],[3.00, 2.40, 0.00],[3.00, 3.60, 0.00],[3.00, 4.80, 0.00],[3.00, 6.00, 0.00],[3.00, 7.20, 0.00],[3.00, 8.40, 0.00],[3.00, 9.60, 0.00],[3.00, 10.80, 0.00],[3.00, 12.00, 0.00]
    ],
    [
        [3.50, 0.00, 0.00],[3.50, 1.20, 0.00],[3.50, 2.40, 0.00],[3.50, 3.60, 0.00],[3.50, 4.80, 0.00],[3.50, 6.00, 0.00],[3.50, 7.20, 0.00],[3.50, 8.40, 0.00],[3.50, 9.60, 0.00],[3.50, 10.80, 0.00],[3.50, 12.00, 0.00]
    ],
    [
        [4.00, 0.00, 0.00],[4.00, 1.20, 0.00],[4.00, 2.40, 0.00],[4.00, 3.60, 0.00],[4.00, 4.80, 0.00],[4.00, 6.00, 0.00],[4.00, 7.20, 0.00],[4.00, 8.40, 0.00],[4.00, 9.60, 0.00],[4.00, 10.80, 0.00],[4.00, 12.00, 0.00]
    ],
    [
        [4.50, 0.00, 0.00],[4.50, 1.20, 0.00],[4.50, 2.40, 0.00],[4.50, 3.60, 0.00],[4.50, 4.80, 0.00],[4.50, 6.00, 0.00],[4.50, 7.20, 0.00],[4.50, 8.40, 0.00],[4.50, 9.60, 0.00],[4.50, 10.80, 0.00],[4.50, 12.00, 0.00]
    ],
    [
        [5.00, 0.00, 0.00],[5.00, 1.20, 0.00],[5.00, 2.40, 0.00],[5.00, 3.60, 0.00],[5.00, 4.80, 0.00],[5.00, 6.00, 0.00],[5.00, 7.20, 0.00],[5.00, 8.40, 0.00],[5.00, 9.60, 0.00],[5.00, 10.80, 0.00],[5.00, 12.00, 0.00]
    ]
];
