g_pts = [
    [
        [0.00, 0.00, 0.00],[0.00, 0.30, 0.00],[0.00, 0.60, 0.00],[0.00, 0.90, 0.00],[0.01, 1.20, 0.00],[0.06, 1.50, 0.00],[0.17, 1.80, 0.00],[0.33, 2.10, 0.00],[0.57, 2.40, 0.00],[0.95, 2.70, 0.00],[2.00, 3.00, 0.00]
    ],
    [
        [0.40, 0.00, 0.00],[0.40, 0.30, 0.00],[0.40, 0.60, 0.00],[0.40, 0.90, 0.00],[0.41, 1.20, 0.00],[0.46, 1.50, 0.00],[0.55, 1.80, 0.00],[0.70, 2.10, 0.00],[0.91, 2.40, 0.00],[1.25, 2.70, 0.00],[2.20, 3.00, 0.00]
    ],
    [
        [0.80, 0.00, 0.00],[0.80, 0.30, 0.00],[0.80, 0.60, 0.00],[0.80, 0.90, 0.00],[0.81, 1.20, 0.00],[0.85, 1.50, 0.00],[0.93, 1.80, 0.00],[1.06, 2.10, 0.00],[1.26, 2.40, 0.00],[1.56, 2.70, 0.00],[2.40, 3.00, 0.00]
    ],
    [
        [1.20, 0.00, 0.00],[1.20, 0.30, 0.00],[1.20, 0.60, 0.00],[1.20, 0.90, 0.00],[1.21, 1.20, 0.00],[1.24, 1.50, 0.00],[1.32, 1.80, 0.00],[1.43, 2.10, 0.00],[1.60, 2.40, 0.00],[1.86, 2.70, 0.00],[2.60, 3.00, 0.00]
    ],
    [
        [1.60, 0.00, 0.00],[1.60, 0.30, 0.00],[1.60, 0.60, 0.00],[1.60, 0.90, 0.00],[1.61, 1.20, 0.00],[1.64, 1.50, 0.00],[1.70, 1.80, 0.00],[1.80, 2.10, 0.00],[1.94, 2.40, 0.00],[2.17, 2.70, 0.00],[2.80, 3.00, 0.00]
    ],
    [
        [2.00, 0.00, 0.00],[2.00, 0.30, 0.00],[2.00, 0.60, 0.00],[2.00, 0.90, 0.00],[2.01, 1.20, 0.00],[2.03, 1.50, 0.00],[2.08, 1.80, 0.00],[2.16, 2.10, 0.00],[2.29, 2.40, 0.00],[2.47, 2.70, 0.00],[3.00, 3.00, 0.00]
    ],
    [
        [2.40, 0.00, 0.00],[2.40, 0.30, 0.00],[2.40, 0.60, 0.00],[2.40, 0.90, 0.00],[2.40, 1.20, 0.00],[2.43, 1.50, 0.00],[2.47, 1.80, 0.00],[2.53, 2.10, 0.00],[2.63, 2.40, 0.00],[2.78, 2.70, 0.00],[3.20, 3.00, 0.00]
    ],
    [
        [2.80, 0.00, 0.00],[2.80, 0.30, 0.00],[2.80, 0.60, 0.00],[2.80, 0.90, 0.00],[2.80, 1.20, 0.00],[2.82, 1.50, 0.00],[2.85, 1.80, 0.00],[2.90, 2.10, 0.00],[2.97, 2.40, 0.00],[3.08, 2.70, 0.00],[3.40, 3.00, 0.00]
    ],
    [
        [3.20, 0.00, 0.00],[3.20, 0.30, 0.00],[3.20, 0.60, 0.00],[3.20, 0.90, 0.00],[3.20, 1.20, 0.00],[3.21, 1.50, 0.00],[3.23, 1.80, 0.00],[3.27, 2.10, 0.00],[3.31, 2.40, 0.00],[3.39, 2.70, 0.00],[3.60, 3.00, 0.00]
    ],
    [
        [3.60, 0.00, 0.00],[3.60, 0.30, 0.00],[3.60, 0.60, 0.00],[3.60, 0.90, 0.00],[3.60, 1.20, 0.00],[3.61, 1.50, 0.00],[3.62, 1.80, 0.00],[3.63, 2.10, 0.00],[3.66, 2.40, 0.00],[3.69, 2.70, 0.00],[3.80, 3.00, 0.00]
    ],
    [
        [4.00, 0.00, 0.00],[4.00, 0.30, 0.00],[4.00, 0.60, 0.00],[4.00, 0.90, 0.00],[4.00, 1.20, 0.00],[4.00, 1.50, 0.00],[4.00, 1.80, 0.00],[4.00, 2.10, 0.00],[4.00, 2.40, 0.00],[4.00, 2.70, 0.00],[4.00, 3.00, 0.00]
    ]
];
