g_pts = [
    [
        [0.00, 0.00, 0.00],[0.00, 0.60, 0.00],[0.00, 1.20, 0.00],[0.00, 1.80, 0.00],[0.00, 2.40, 0.00],[0.00, 3.00, 0.00],[0.00, 3.60, 0.00],[0.00, 4.20, 0.00],[0.00, 4.80, 0.00],[0.00, 5.40, 0.00],[0.00, 6.00, 0.00]
    ],
    [
        [0.40, 0.00, 0.00],[0.40, 0.60, 0.00],[0.40, 1.20, 0.00],[0.40, 1.80, 0.00],[0.40, 2.40, 0.00],[0.40, 3.00, 0.00],[0.40, 3.60, 0.00],[0.40, 4.20, 0.00],[0.40, 4.80, 0.00],[0.40, 5.40, 0.00],[0.40, 6.00, 0.00]
    ],
    [
        [0.80, 0.00, 0.00],[0.80, 0.60, 0.00],[0.80, 1.20, 0.00],[0.80, 1.80, 0.00],[0.80, 2.40, 0.00],[0.80, 3.00, 0.00],[0.80, 3.60, 0.00],[0.80, 4.20, 0.00],[0.80, 4.80, 0.00],[0.80, 5.40, 0.00],[0.80, 6.00, 0.00]
    ],
    [
        [1.20, 0.00, 0.00],[1.20, 0.60, 0.00],[1.20, 1.20, 0.00],[1.20, 1.80, 0.00],[1.20, 2.40, 0.00],[1.20, 3.00, 0.00],[1.20, 3.60, 0.00],[1.20, 4.20, 0.00],[1.20, 4.80, 0.00],[1.20, 5.40, 0.00],[1.20, 6.00, 0.00]
    ],
    [
        [1.60, 0.00, 0.00],[1.60, 0.60, 0.00],[1.60, 1.20, 0.00],[1.60, 1.80, 0.00],[1.60, 2.40, 0.00],[1.60, 3.00, 0.00],[1.60, 3.60, 0.00],[1.60, 4.20, 0.00],[1.60, 4.80, 0.00],[1.60, 5.40, 0.00],[1.60, 6.00, 0.00]
    ],
    [
        [2.00, 0.00, 0.00],[2.00, 0.60, 0.00],[2.00, 1.20, 0.00],[2.00, 1.80, 0.00],[2.00, 2.40, 0.00],[2.00, 3.00, 0.00],[2.00, 3.60, 0.00],[2.00, 4.20, 0.00],[2.00, 4.80, 0.00],[2.00, 5.40, 0.00],[2.00, 6.00, 0.00]
    ],
    [
        [2.40, 0.00, 0.00],[2.40, 0.60, 0.00],[2.40, 1.20, 0.00],[2.40, 1.80, 0.00],[2.40, 2.40, 0.00],[2.40, 3.00, 0.00],[2.40, 3.60, 0.00],[2.40, 4.20, 0.00],[2.40, 4.80, 0.00],[2.40, 5.40, 0.00],[2.40, 6.00, 0.00]
    ],
    [
        [2.80, 0.00, 0.00],[2.80, 0.60, 0.00],[2.80, 1.20, 0.00],[2.80, 1.80, 0.00],[2.80, 2.40, 0.00],[2.80, 3.00, 0.00],[2.80, 3.60, 0.00],[2.80, 4.20, 0.00],[2.80, 4.80, 0.00],[2.80, 5.40, 0.00],[2.80, 6.00, 0.00]
    ],
    [
        [3.20, 0.00, 0.00],[3.20, 0.60, 0.00],[3.20, 1.20, 0.00],[3.20, 1.80, 0.00],[3.20, 2.40, 0.00],[3.20, 3.00, 0.00],[3.20, 3.60, 0.00],[3.20, 4.20, 0.00],[3.20, 4.80, 0.00],[3.20, 5.40, 0.00],[3.20, 6.00, 0.00]
    ],
    [
        [3.60, 0.00, 0.00],[3.60, 0.60, 0.00],[3.60, 1.20, 0.00],[3.60, 1.80, 0.00],[3.60, 2.40, 0.00],[3.60, 3.00, 0.00],[3.60, 3.60, 0.00],[3.60, 4.20, 0.00],[3.60, 4.80, 0.00],[3.60, 5.40, 0.00],[3.60, 6.00, 0.00]
    ],
    [
        [4.00, 0.00, 0.00],[4.00, 0.60, 0.00],[4.00, 1.20, 0.00],[4.00, 1.80, 0.00],[4.00, 2.40, 0.00],[4.00, 3.00, 0.00],[4.00, 3.60, 0.00],[4.00, 4.20, 0.00],[4.00, 4.80, 0.00],[4.00, 5.40, 0.00],[4.00, 6.00, 0.00]
    ]
];
